8
 0  1  3  6 10  2  5  7
 1  0  8  2 10 12 13 15
 3  8  0  8 20 13 15 17
 6  2  8  0 19 18 17  5
10 10 20 19  0 20 11 18
 2 12 13 18 20  0 12 13
 5 13 15 17 11 12  0  5
 7 15 17  5 18 13  5  0
 80 30 210 10  5
100 40 263 12  6
 95 42 175 10 11
 76 35 182  9  7
 75 34 156  8  5
 63 22 163  7  2
 51 23 144  5  4
 49 20  99  6  8