9
0 20 12 21 16 15 23 12 17
20 0 23 24 26 16 18 20 22
12 23 0 21 21 23 28 23 26
21 24 21 0 25 23 28 30 22
16 26 21 25 0 26 21 13 25
15 16 23 23 26 0 24 25 32
23 18 28 28 21 24 0 24 25
12 20 23 30 13 25 24 0 22
17 22 26 22 25 32 25 22 0
0.7 30 0.9 10 30
0.65 40 0.8 12 44
0.7 42 0.88 10 42
0.76 35 0.91 9 50
0.88 34 0.92 8 45
0.89 22 0.92 6 33
0.76 23 0.88 7 45
0.75 20 0.86 9 51
0.90 34 0.98 12 49
